X0: 6.4715
X1: 0.0282364
X2: 0.0114404
X3: 0.0359455
X4: 2.73459
X5: 0.000488142
X6: 0.699971
X7: 0.0307212
SUM: 10.0129
