X0: 6.01122
X1: 0.042367
X2: 0.0233791
X3: 0.0504201
X4: 3.03847
X5: 0.00897211
X6: 0.799906
X7: 0.0387974
SUM: 10.0135
